"Ca_processed_masked" "Cb_processed_masked" "HK_processed_masked" "β_processed_masked" "β+C_processed_masked" "β+γ+C_processed_masked" "γ_processed_masked" "γ+Ca_processed_masked" "γ+Cb_processed_masked" "γ+Cc-Cf_processed_masked"
"maskedtoken" 40.2118713482226 43.351071398082 44.3685393258427 43.6523851215861 45.412091379528 44.2537558223447 42.2048463836536 49.9391339632485 44.8580596040896 43.6985082560115
"est" 4.35756020313439 3.43331151646225 3.54157303370787 3.48706941188654 2.82721191467878 3.27100964377091 3.39689447866337 2.06944524955075 3.1134435501414 3.44684145453705
"et" 2.93234314421449 3.45180842890071 2.87640449438202 3.35432729874507 3.4961504480626 3.41533818802073 3.24198723859403 3.54762042780129 3.44518164020013 3.23191939267185
"non" 2.36990116310817 2.68774366125039 2.8314606741573 2.85630901610793 2.60843956413816 2.71075247654661 2.24984324862612 2.69549591328039 2.94757450511203 2.66803785401477
"quod" 2.78490689674002 2.65928687288353 2.44494382022472 2.04385196900801 2.19193066599352 2.81965492357148 2.51539851731642 2.78244739435395 2.47715901675005 2.91069179483032
"in" 2.04772565936766 2.28508010585925 2.13932584269663 2.35829073347078 1.9310867095797 2.29351177589713 2.07649467045329 2.20277085386354 2.62943223841636 2.11802225483286
"ergo" 1.84022279255174 1.63768817051308 1.35730337078652 1.79531354440271 1.11910471622702 1.31732598569835 1.65972042931435 1.11297895774158 1.47650641722863 1.67893417145234
"set" 1.23409599737891 0.995987592840272 1.24044943820225 1.13442727897497 1.21166224914805 1.37243324804828 1.2798288643824 1.27528838907889 1.13932999782467 1.17051639069595
"ad" 0.961065909463223 1.02017586295211 1.3123595505618 1.15325594750567 1.17800496444949 1.1992389949485 0.970014384243721 1.18254014260043 1.0169675875571 1.30339831066637
"quia" 1.18495058155409 1.14965425002134 1.19550561797753 1.10806714303198 0.959232613908873 1.05884668372368 1.0216501309335 1.05501130369254 1.2100282793126 1.21904717885906
"hoc" 1.01021132528805 1.15961412594975 1.15056179775281 1.14007587953418 1.04337582565527 1.22679262612347 1.0105853280714 1.07819836531216 0.84566021318251 1.06652184463215
"si" 0.911920493638399 1.12973449816454 0.997752808988764 1.02522100149688 0.929782489797636 0.961752935773798 1.05115627189909 1.46658164744073 1.35414400696106 1.11505263279526
"item" 0.655272210997652 0.892120315301215 0.898876404494382 1.06664407226443 0.765703226892171 0.543200157449321 1.0105853280714 0.701408613993392 0.837502719164673 0.822712408860335
"de" 0.546060175831377 0.76264192823198 1.01573033707865 0.704192203048361 0.837224956876604 0.734763497999082 0.745030059381109 0.77096979885224 0.796715249075484 0.873554186935974
"uel" 0.808169060230437 0.594746876867477 0.91685393258427 0.562977189068075 0.862467920400522 0.797743226399003 0.74134179176041 0.794156860471857 0.622688710028279 0.664409599852097
"cum" 0.655272210997652 0.645969095927834 0.68314606741573 0.576157257039568 0.790946190416088 0.721642721249098 0.660199904105042 0.55648947887079 0.712421144224494 0.649388165420658
"ex" 0.556981379348004 0.70572835149825 0.557303370786517 0.65900339857467 0.786739029828769 0.669159614249164 0.553240143104784 0.388383282128572 0.715140308897107 0.606634852038871
"ut" 0.540599574073063 0.614666628724282 0.512359550561798 0.854821551294 0.626866927510623 0.641605983074198 0.586434551691071 0.730392441017912 0.584620404611703 0.487618871543626
"quam" 0.513296565281494 0.668734526621325 0.431460674157303 0.739025239830165 0.504859270478354 0.459227186249426 0.48685132593221 0.440554170772709 0.647161192081792 0.654010145245716
"sit" 0.759023644405614 0.586209840357417 0.521348314606742 0.56391862249461 0.538516555176911 0.574690021649282 0.542175340242688 0.492725059416845 0.527517946486839 0.675964549414742
"per" 0.371320919565336 0.549216015480493 0.269662921348315 0.471658146694157 1.45147040262527 0.509086137899364 1.25401099103751 0.365196220508956 0.503045464433326 0.496862831193742
"ita" 0.606126795172828 0.691499957314818 0.521348314606742 0.474482446973762 0.525895073414952 0.667847536574165 0.560616678346181 0.492725059416845 0.516641287796389 0.521128225275297
"a" 0.895538688363458 0.497993796420136 0.835955056179775 0.440590843618494 0.685767175733098 0.611428196549236 0.796665806070889 0.37099298591386 0.448662170981075 0.467975457287129
"esse" 0.453229945940043 0.611820949887596 0.467415730337079 0.509315483755566 0.33236568639825 0.465787574624418 0.656511636484343 0.272447974030491 0.592777898629541 0.563881538657084
"potest" 0.431387538906788 0.570558606755642 0.602247191011236 0.409523540542831 0.479616306954436 0.514334448599357 0.627005495518755 0.39997681293838 0.56014792255819 0.376691355742232
"qui" 0.567902582864632 0.43396602259469 0.521348314606742 0.455653778443057 0.366022971096807 0.39231122482451 0.394644635414746 0.579676540490406 0.524798781814227 0.485307881631097
"hec" 0.627969202206083 0.43823454084972 0.458426966292135 0.437766543338888 0.605831124574025 0.384438758774519 0.74134179176041 0.144919135122602 0.326299760713509 0.482996891718568
"enim" 0.480532954731611 0.38132096411599 0.251685393258427 0.587454458157991 0.509066431065674 0.473660040674408 0.354073691587062 0.365196220508956 0.405155536219273 0.33509353731671
"sic" 0.294872494948943 0.330098745055633 0.404494382022472 0.56391862249461 0.408094576970003 0.326707341074592 0.30612621251798 0.394180047533476 0.375244724820535 0.295806708803716
"secundum" 0.212963468574237 0.371361088187587 0.251685393258427 0.478248180679903 0.403887416382683 0.435609788099455 0.269243536310995 0.237667381601067 0.242005655862519 0.375535860785968
"iste" 0.578823786381259 0.401240715972795 0.61123595505618 0.357744702083392 0.277672598763095 0.341140195499574 0.523734002139195 0.104341777288273 0.212094844463781 0.44255456824931
"tamen" 0.436848140665101 0.404086394809482 0.512359550561798 0.303141563344348 0.340780007572889 0.421176933674474 0.379891564931951 0.324618862674628 0.402436371546661 0.380157840611026
"peccatum" 0.977447714738164 0.340058620984036 0.242696629213483 0.40575780683669 0.151457781143506 0.226989437774716 0.508980931656401 0.208683554576546 0.396998042201436 0.395179275042464
"sicut" 0.28941189319063 0.327253066218947 0.449438202247191 0.293727229078996 0.353401489334848 0.434297710424457 0.387268100173349 0.382586516723668 0.372525560147923 0.433310608599193
"dicitur" 0.447769344181729 0.357132694004155 0.458426966292135 0.298434396211672 0.294501241112373 0.388374991799515 0.346697156345664 0.336212393484436 0.424189688927561 0.391712790173671
"sunt" 0.365860317807022 0.395549358299422 0.224719101123595 0.324794532154659 0.43754470108124 0.324083185724595 0.335632353483569 0.463741232392325 0.416032194909724 0.359358931398264
"pro" 0.496914760006553 0.493725278165106 0.125842696629213 0.320087365021982 0.572173839875468 0.207308272649741 0.28030833917309 0.260854443220683 0.4758538177072 0.367447396092116
"deus" 0.42046633539016 0.344327139239065 0.107865168539326 0.392577738865196 0.33236568639825 0.245358525224693 0.390956367794047 0.0811547156686569 0.176745703719817 0.328160567579123
"se" 0.349478512532081 0.37705244586096 0.323595505617978 0.340798900405758 0.193529387016702 0.208620350324739 0.328255818242172 0.197090023766738 0.250163149880357 0.33509353731671
"scilicet" 0.404084530115219 0.236191343444979 0.386516853932584 0.234416923207275 0.399680255795364 0.460539263924424 0.30612621251798 0.469537997797229 0.203937350445943 0.253053395421929
"dicit" 0.185660459782668 0.340058620984036 0.296629213483146 0.165692283070203 0.286086919937734 0.324083185724595 0.379891564931951 0.492725059416845 0.364368066130085 0.352425961660677
"que" 0.387702724840277 0.27176232890356 0.296629213483146 0.266425659709474 0.323951365223611 0.280784622449649 0.354073691587062 0.365196220508956 0.315423102023059 0.308517153322626
"nec" 0.229345273849178 0.284567883668649 0.548314606741573 0.217471121529641 0.269258277588456 0.401495768549498 0.250802198207502 0.417367109153093 0.318142266695671 0.285407254197335
"contra" 0.180199858024354 0.274608007740246 0.30561797752809 0.44718087760424 0.201943708191342 0.208620350324739 0.302437944897282 0.231870616196163 0.220252338481618 0.284251759241071
"magis" 0.387702724840277 0.338635781565693 0.269662921348315 0.399167772850943 0.193529387016702 0.208620350324739 0.165972042931435 0.197090023766738 0.247443985207744 0.272696809678426
"responsio" 0.109212035166275 0.32013886912723 0.0629213483146067 0.58180585759878 0.252429635239177 0.0223053204749721 0.276620071552392 0.0869514810735609 0.350772242767022 0.196434142564968
"tantum" 0.322175503740512 0.26749381064853 0.584269662921348 0.325735965581194 0.32815852581093 0.254543068949682 0.188101648655626 0.249260912410875 0.206656515118556 0.251897900465664
"fuit" 0.174739256266041 0.243305540536695 0.197752808988764 0.318204498168912 0.159872102318145 0.272912156399659 0.28030833917309 0.121732073502985 0.277354796606482 0.290029234022394
"ei" 0.278490689674002 0.190660482057995 0.170786516853933 0.294668662505531 0.307122722874332 0.2401102145247 0.221296057241913 0.324618862674628 0.301827278659996 0.225321516471581
"ideo" 0.092830229891334 0.241882701118352 0.161797752808989 0.269249959989079 0.252429635239177 0.229613593124713 0.162283775310737 0.266651208625587 0.301827278659996 0.256519880290723
"homo" 0.480532954731611 0.230499985771606 0.0539325842696629 0.2137053878235 0.151457781143506 0.271600078724661 0.313502747759377 0.104341777288273 0.198499021100718 0.266919334897103
"dicimus" 0.344017910773767 0.1579351754361 0.368539325842697 0.062134606151326 0.239808153477218 0.282096700124647 0.258178733448899 0.376789751318764 0.266478137916032 0.397490264954993
"modo" 0.322175503740512 0.273185168321903 0.152808988764045 0.160985115937526 0.265051117001136 0.313586564324608 0.228672592483311 0.173902962147122 0.220252338481618 0.244964930728077
"idest" 0.196581663299296 0.233345664608292 0.37752808988764 0.258894192297192 0.319744204636291 0.156137243324805 0.361450226828459 0.260854443220683 0.233848161844681 0.169857758570884
"illud" 0.212963468574237 0.176432087874562 0.368539325842697 0.204291053558148 0.147250620556187 0.310962408974611 0.169660310552134 0.191293258361834 0.16858820970198 0.275007799590955
"habet" 0.234805875607492 0.183546284966279 0.314606741573034 0.217471121529641 0.22297951112794 0.241422292199698 0.143842437207244 0.318822097269723 0.280073961279095 0.225321516471581
"ratione" 0.294872494948943 0.159358014854444 0.233707865168539 0.246655557752234 0.201943708191342 0.326707341074592 0.195478183897024 0.173902962147122 0.206656515118556 0.177946223264735
"propter" 0.365860317807022 0.278876525995276 0.341573033707865 0.228768322648064 0.210358029365981 0.182378796824772 0.228672592483311 0.197090023766738 0.165869045029367 0.195278647608703
"bonum" 0.365860317807022 0.220540109843203 0.467415730337079 0.262659926003333 0.130421978206908 0.265039690349669 0.118024563862354 0.0637644194539447 0.149554056993692 0.192967657696174
"dei" 0.245727079124119 0.197774679149711 0.197752808988764 0.258894192297192 0.0841432117463924 0.24798268057469 0.317191015380076 0.0463741232392325 0.122362410267566 0.251897900465664
"nisi" 0.245727079124119 0.204888876241427 0.143820224719101 0.192052419013189 0.22297951112794 0.244046447549695 0.173348578172832 0.295635035650107 0.174026539047205 0.212611071952671
"eo" 0.223884672090864 0.229077146353263 0.359550561797753 0.217471121529641 0.10938617527031 0.2401102145247 0.165972042931435 0.150715900527506 0.135958233630629 0.186034687958587
"illa" 0.316714901982198 0.199197518568054 0.152808988764045 0.147805047966033 0.10517901468299 0.236173981499705 0.213919522000516 0.18549649295693 0.231128997172069 0.236876466034226
"deo" 0.617047998689456 0.197774679149711 0.170786516853933 0.219353988382712 0.176700744667424 0.158761398674802 0.210231254379818 0.0347805924294244 0.184903197737655 0.154836324139445
"pena" 0.769944847922241 0.086793204518938 0.0539325842696629 0.219353988382712 0.307122722874332 0.137768155874828 0.354073691587062 0.00579676540490406 0.203937350445943 0.161769293877032
"motus" 0.103751433407962 0.224808628098233 0.18876404494382 0.272074260268685 0.0168286423492785 0.229613593124713 0.0811418876553683 0.0231870616196163 0.228409832499456 0.176790728308471
"unde" 0.185660459782668 0.184969124384622 0.251685393258427 0.122386345449582 0.252429635239177 0.286032933149642 0.158595507690038 0.289838270245203 0.174026539047205 0.186034687958587
"deum" 0.136515043957844 0.217694431006517 0.125842696629213 0.227826889221529 0.0757288905717531 0.116774913074854 0.224984324862612 0.150715900527506 0.231128997172069 0.194123152652439
"uidetur" 0.218424070332551 0.21484875216983 0.134831460674157 0.089436175520848 0.130421978206908 0.165321787049793 0.202854719138421 0.197090023766738 0.266478137916032 0.254208890378193
"ille" 0.245727079124119 0.170740730201189 0.224719101123595 0.148746481392568 0.088350372333712 0.174506330774782 0.184413381034928 0.121732073502985 0.149554056993692 0.240342950903019
"peccat" 0.240266477365806 0.177854927292906 0.251685393258427 0.264542792856403 0.0420716058731962 0.0813488158498983 0.0737653524139712 0.179699727552026 0.217533173809006 0.179101718221
"uult" 0.103751433407962 0.220540109843203 0.224719101123595 0.229709756074599 0.0757288905717531 0.149576854949813 0.195478183897024 0.0985450118833691 0.144115727648466 0.15599181909571
"tenetur" 0.125593840441217 0.177854927292906 0.161797752808989 0.167575149923273 0.0210358029365981 0.25585514662468 0.0885184228967654 0.411570343748189 0.122362410267566 0.169857758570884
"similiter" 0.158357450991099 0.106712956375743 0.18876404494382 0.149687914819104 0.168286423492785 0.207308272649741 0.199166451517722 0.110138542693177 0.184903197737655 0.235720971077961
"eius" 0.120133238682903 0.143706781252668 0.206741573033708 0.216529688103106 0.172493584080104 0.169258020074788 0.143842437207244 0.197090023766738 0.127800739612791 0.172168748483413
"utrum" 0.218424070332551 0.122364189977519 0.0808988764044944 0.153453648525245 0.11359333585763 0.150888932624811 0.169660310552134 0.243464147005971 0.233848161844681 0.22763250638411
"uera" 0.147436247474472 0.184969124384622 0.125842696629213 0.170399450202879 0.273465438175775 0.177130486124779 0.276620071552392 0.0231870616196163 0.0734174461605395 0.171013253527148
"eadem" 0.245727079124119 0.139438262997638 0.098876404494382 0.216529688103106 0.201943708191342 0.181066719149774 0.121712831483052 0.0985450118833691 0.149554056993692 0.138659394751742
"esset" 0.0982908316496478 0.207734555078114 0.0359550561797753 0.111089144331159 0.134629138794228 0.191563340549761 0.162283775310737 0.115935308098081 0.220252338481618 0.209144587083877
"facit" 0.327636105498826 0.16220369369113 0.0808988764044944 0.186403818453978 0.189322226429383 0.143016466574821 0.158595507690038 0.121732073502985 0.111485751577116 0.165235778745826
"ibi" 0.141975645716158 0.132324065905922 0.125842696629213 0.204291053558148 0.159872102318145 0.162697631699797 0.158595507690038 0.173902962147122 0.222971503154231 0.129415435101626
"quo" 0.180199858024354 0.251842577046755 0.278651685393258 0.107323410625018 0.206150868778661 0.18369087449977 0.162283775310737 0.139122369717698 0.16858820970198 0.119015980495245
"quare" 0.114672636924589 0.153666657181071 0.179775280898876 0.139332147127216 0.164079262905465 0.1600734763498 0.169660310552134 0.150715900527506 0.236567326517294 0.182568203089794
"licet" 0.136515043957844 0.146552460089354 0.179775280898876 0.123327778876117 0.168286423492785 0.192875418224759 0.118024563862354 0.21448031998145 0.198499021100718 0.19181216273991
"caritate" 0.120133238682903 0.139438262997638 0.30561797752809 0.144039314259892 0.33236568639825 0.272912156399659 0.151218972448641 0.0811547156686569 0.0870132695236023 0.102839051107542
"etc" 0.141975645716158 0.175009248456219 0.143820224719101 0.202408186705077 0.201943708191342 0.0852850488748934 0.180725113414229 0.226073850791258 0.17946486839243 0.134037414926684
"autem" 0.13105444219953 0.155089496599414 0.107865168539326 0.190169552160119 0.10517901468299 0.0944695925998819 0.136465901965847 0.162309431337314 0.250163149880357 0.173324243439677
"glossa" 0.0546060175831377 0.177854927292906 0.152808988764045 0.169458016776344 0.10517901468299 0.145640621924818 0.206542986759119 0.313025331864819 0.138677398303241 0.127104445189097
"siue" 0.354939114290395 0.092484562192311 0.170786516853933 0.117679178316905 0.260843956413816 0.261103457324674 0.12908936672445 0.237667381601067 0.0788557755057646 0.0982170712824839
"aut" 0.300333096707257 0.163626533109473 0.0719101123595506 0.109206277478088 0.210358029365981 0.124647379124844 0.151218972448641 0.21448031998145 0.195779856428105 0.144436869533064
"ab" 0.147436247474472 0.167895051364503 0.206741573033708 0.128034946008793 0.10517901468299 0.158761398674802 0.136465901965847 0.179699727552026 0.0897324341962149 0.165235778745826
"uerbum" 0.070987822858079 0.146552460089354 0.152808988764045 0.111089144331159 0.201943708191342 0.199435806599751 0.184413381034928 0.0985450118833691 0.0815749401783772 0.16639127370209
"quantum" 0.0819090263747065 0.170740730201189 0.0539325842696629 0.196759586145866 0.130421978206908 0.107590369349866 0.114336296241655 0.0579676540490406 0.103328257559278 0.172168748483413
"eum" 0.13105444219953 0.182123445547935 0.0449438202247191 0.143097880833357 0.11359333585763 0.0957816702748803 0.0885184228967654 0.266651208625587 0.171307374374592 0.152525334226916
"super" 0.0982908316496478 0.145129620671011 0.152808988764045 0.0837875749616366 0.126214817619589 0.170570097749787 0.147530704827942 0.278244739435395 0.16858820970198 0.158302809008239
"falsa" 0.169278654507727 0.1579351754361 0.143820224719101 0.19393528586626 0.122007657032269 0.0957816702748803 0.165972042931435 0.0289838270245203 0.057102458124864 0.142125879620535
"filius" 0.0327636105498826 0.138015423579295 0.125842696629213 0.111089144331159 0.269258277588456 0.127271534474841 0.339320621104267 0.00579676540490406 0.038068305416576 0.181412708133529
"opus" 0.28941189319063 0.1052901169574 0.125842696629213 0.140273580553751 0.206150868778661 0.123335301449846 0.0700770847932726 0.092748246478465 0.0761366108331521 0.157147314051974
"pater" 0.185660459782668 0.180700606129592 0.143820224719101 0.0649589064309317 0.298708401699693 0.119399068424851 0.302437944897282 0.00579676540490406 0.0761366108331521 0.114394000670187
"uero" 0.262108884399061 0.130901226487579 0.0719101123595506 0.132742113141469 0.172493584080104 0.157449320999803 0.0958949581381625 0.18549649295693 0.0652599521427018 0.0970615763262193
"malum" 0.174739256266041 0.1052901169574 0.278651685393258 0.163809416217132 0.0631074088097943 0.132519845174834 0.0737653524139712 0.0347805924294244 0.160430715684142 0.115549495626452
"scit" 0.0273030087915688 0.189237642639652 0.0808988764044944 0.131800679714934 0.117800496444949 0.101029980974874 0.376203297311253 0.0985450118833691 0.0299108113987383 0.0993725662387484
"caritatem" 0.158357450991099 0.129478387069235 0.161797752808989 0.118620611743441 0.201943708191342 0.16794594239979 0.180725113414229 0.0753579502637528 0.100609092886665 0.0751071721571935
"etiam" 0.152896849232785 0.126632708232549 0.179775280898876 0.0743732406962842 0.159872102318145 0.164009709374795 0.118024563862354 0.226073850791258 0.138677398303241 0.113238505713923
"causa" 0.387702724840277 0.119518511140833 0.0808988764044944 0.121444912023046 0.10938617527031 0.0879092042248901 0.191789916276325 0.0985450118833691 0.122362410267566 0.101683556151277
"falsum" 0.0655272210997652 0.140861102415981 0.0539325842696629 0.146863614539498 0.088350372333712 0.122023223774847 0.121712831483052 0.0347805924294244 0.0951707635414401 0.131726425014155
"ualet" 0.125593840441217 0.1052901169574 0.0898876404494382 0.166633716496738 0.117800496444949 0.0957816702748803 0.110648028620957 0.0405773578343284 0.130519904285404 0.115549495626452
"quis" 0.0600666193414514 0.163626533109473 0.242696629213483 0.141215013980286 0.138836299381547 0.120711146099849 0.0774536200346697 0.139122369717698 0.0870132695236023 0.0727961822446645
"aliquis" 0.136515043957844 0.126632708232549 0.161797752808989 0.0856704418147071 0.0967646935083512 0.102342058649872 0.125401099103751 0.0695611848588488 0.125081574940178 0.172168748483413
"bonus" 0.0873696281330203 0.196351839731368 0.11685393258427 0.167575149923273 0.0336572846985569 0.0577314176999278 0.0737653524139712 0.0811547156686569 0.0924515988688275 0.112083010757658
"gratia" 0.174739256266041 0.0882160439372812 0.0359550561797753 0.152512215098709 0.10517901468299 0.123335301449846 0.136465901965847 0.139122369717698 0.0842941048509898 0.100528061195013
"uerum" 0.0819090263747065 0.152243817762727 0.00898876404494382 0.160985115937526 0.054693087635155 0.137768155874828 0.0627005495518755 0.0811547156686569 0.0706982814879269 0.0993725662387484
"dominus" 0.0327636105498826 0.106712956375743 0.0449438202247191 0.11673774489037 0.235600992889899 0.0931575149248836 0.140154169586545 0.150715900527506 0.141396562975854 0.113238505713923
"queritur" 0.158357450991099 0.0782561680088785 0.0719101123595506 0.0771975409758899 0.0589002482224747 0.104966213999869 0.0774536200346697 0.15651266593241 0.242005655862519 0.158302809008239
"meretur" 0.185660459782668 0.163626533109473 0.0539325842696629 0.115796311463835 0.185115065842063 0.107590369349866 0.118024563862354 0 0.0978899282140526 0.0727961822446645
"sine" 0.0819090263747065 0.128055547650892 0.0898876404494382 0.0819047081085661 0.214565189953301 0.122023223774847 0.0995832257588611 0.133325604312793 0.130519904285404 0.100528061195013
"peccato" 0.136515043957844 0.118095671722489 0.386516853932584 0.0875533086677776 0.0631074088097943 0.107590369349866 0.114336296241655 0.0985450118833691 0.16858820970198 0.0808846469385161
"peccati" 0.540599574073063 0.0668734526621326 0 0.107323410625018 0.0673145693971139 0.0695401167749131 0.298749677276583 0.0985450118833691 0.100609092886665 0.0600857377257548
"aliud" 0.240266477365806 0.128055547650892 0.11685393258427 0.0922604758004538 0.0378644452858766 0.0826608935248967 0.140154169586545 0.0405773578343284 0.0761366108331521 0.136348404839213
"uelle" 0.0163818052749413 0.203466036823084 0 0.115796311463835 0.0294501241112373 0.0826608935248967 0.213919522000516 0.127528838907889 0.0299108113987383 0.0855066267635742
"aliquid" 0.196581663299296 0.110981474630773 0.0808988764044944 0.0866118752412423 0.0715217299844335 0.123335301449846 0.0516357466897798 0.092748246478465 0.0978899282140526 0.128259940145361
"omnia" 0.0600666193414514 0.0967530804473407 0.11685393258427 0.0950847760800595 0.248222474651857 0.0734763497999081 0.254490465828201 0.0753579502637528 0.116924080922341 0.0785736570259871
"solutio" 0.0491454158248239 0.133746905324265 0.251685393258427 0.0856704418147071 0.0210358029365981 0.0682280390999147 0.188101648655626 0.0115935308098081 0.146834892321079 0.132881919970419
"nichil" 0.202042265057609 0.0882160439372812 0.0359550561797753 0.120503478596511 0.10517901468299 0.0892212818998885 0.066388817172574 0.0985450118833691 0.0706982814879269 0.132881919970419
"qua" 0.109212035166275 0.0967530804473407 0.161797752808989 0.0630760395778612 0.11359333585763 0.1600734763498 0.136465901965847 0.0753579502637528 0.125081574940178 0.0889731116323677
"caritas" 0.0819090263747065 0.0896388833556245 0.11685393258427 0.062134606151326 0.403887416382683 0.132519845174834 0.184413381034928 0.0811547156686569 0.057102458124864 0.0635522225945484
"erat" 0.0163818052749413 0.149398138926041 0.0449438202247191 0.0188286685307049 0.0210358029365981 0.150888932624811 0.121712831483052 0.0985450118833691 0.154992386338917 0.154836324139445
"idem" 0.0327636105498826 0.116672832304146 0.0719101123595506 0.09696764293313 0.155664941730826 0.0734763497999081 0.184413381034928 0.110138542693177 0.0978899282140526 0.112083010757658
"christus" 0.0163818052749413 0.110981474630773 0.00898876404494382 0.146863614539498 0.0420716058731962 0.0997179032998754 0.0995832257588611 0.0115935308098081 0.0870132695236023 0.121326970407774
"nomen" 0.103751433407962 0.0796790074272218 0.0539325842696629 0.0800218412554956 0.0504859270478354 0.202059961949747 0.0479474790690813 0.0289838270245203 0.0652599521427018 0.132881919970419
"duo" 0.152896849232785 0.133746905324265 0.0539325842696629 0.102616243492341 0.0504859270478354 0.0931575149248836 0.0627005495518755 0.0753579502637528 0.144115727648466 0.0982170712824839
"alia" 0.103751433407962 0.10955863521243 0.152808988764045 0.0527202718859736 0.088350372333712 0.124647379124844 0.0848301552760668 0.0985450118833691 0.0978899282140526 0.139814889708006
"prius" 0.0873696281330203 0.0882160439372812 0.0179775280898876 0.129917812861863 0.0967646935083512 0.135144000524831 0.132777634345148 0.0521708886441366 0.0516641287796389 0.0855066267635742
"mortale" 0.256648282640747 0.0825246862639083 0.0629213483146067 0.145922181112963 0.130421978206908 0.0695401167749131 0.0553240143104784 0.0753579502637528 0.0842941048509898 0.0820401418947806
"minus" 0.070987822858079 0.106712956375743 0.0629213483146067 0.118620611743441 0.0967646935083512 0.098405825624877 0.0479474790690813 0.0463741232392325 0.0897324341962149 0.110927515801394
"hic" 0.120133238682903 0.110981474630773 0.0629213483146067 0.133683546568004 0.10938617527031 0.0747884274749065 0.0922066905174639 0.115935308098081 0.0543832934522515 0.0774181620697226
"pene" 0.371320919565336 0.0569135767337298 0.278651685393258 0.103557676918877 0.168286423492785 0.0892212818998885 0.0590122819311769 0.0173902962147122 0.114204916249728 0.0531527679881677
"debet" 0.0491454158248239 0.115249992885803 0.107865168539326 0.0677832067105375 0.0799360511590727 0.0695401167749131 0.118024563862354 0.266651208625587 0.111485751577116 0.110927515801394
"erit" 0.0655272210997652 0.098175919865684 0.0449438202247191 0.0997919432127357 0.0757288905717531 0.141704388899823 0.0479474790690813 0.0521708886441366 0.100609092886665 0.0959060813699548
"quando" 0.0819090263747065 0.081101846845565 0.161797752808989 0.0884947420943128 0.0631074088097943 0.0721642721249098 0.106959761000258 0.0637644194539447 0.0924515988688275 0.151369839270652
"facere" 0.109212035166275 0.098175919865684 0.0359550561797753 0.0696660735636079 0.0378644452858766 0.18369087449977 0.0811418876553683 0.110138542693177 0.0706982814879269 0.0855066267635742
"tunc" 0.0382242123081964 0.0640277738254461 0.0898876404494382 0.104499110345412 0.138836299381547 0.0774125828249032 0.118024563862354 0.0753579502637528 0.111485751577116 0.117860485538981
"istum" 0.0764484246163927 0.118095671722489 0.0539325842696629 0.0875533086677776 0.0504859270478354 0.0695401167749131 0.232360860104009 0.0463741232392325 0.111485751577116 0.0901286065886322
"filium" 0.0218424070332551 0.0469537008053271 0.0359550561797753 0.0225944022368458 0.462787664605158 0.098405825624877 0.453656917345923 0.0289838270245203 0.119643245594953 0.0323538587754064
"habere" 0.0764484246163927 0.143706781252668 0.179775280898876 0.0687246401370727 0.0294501241112373 0.098405825624877 0.118024563862354 0.144919135122602 0.108766586904503 0.069329697375871
"eodem" 0.0873696281330203 0.118095671722489 0.0629213483146067 0.0376573370614097 0.10938617527031 0.115462835399856 0.0885184228967654 0.0985450118833691 0.0924515988688275 0.128259940145361
"mortali" 0.207502866815923 0.1052901169574 0.0359550561797753 0.093201909226989 0.147250620556187 0.0551072623499311 0.0885184228967654 0.0115935308098081 0.0761366108331521 0.110927515801394
"penam" 0.218424070332551 0.0426851825502974 0.287640449438202 0.0941433426535243 0.168286423492785 0.115462835399856 0.0774536200346697 0.00579676540490406 0.0842941048509898 0.0681742024196064
"ante" 0.0764484246163927 0.0739876497538488 0.0539325842696629 0.105440543771947 0.0631074088097943 0.145640621924818 0.0700770847932726 0.0579676540490406 0.0842941048509898 0.0797291519822516
"gratiam" 0.207502866815923 0.081101846845565 0.0269662921348315 0.0866118752412423 0.088350372333712 0.0642918060749196 0.121712831483052 0.110138542693177 0.0516641287796389 0.12017147545151
"diligit" 0.0109212035166275 0.0953302410289975 0.0629213483146067 0.142156447406822 0.143043459968867 0.0787246604999016 0.0627005495518755 0 0.0271916467261257 0.0993725662387484
"quandoque" 0.070987822858079 0.0967530804473407 0.179775280898876 0.0706075069901432 0.10938617527031 0.0708521944499114 0.10327149337956 0.115935308098081 0.057102458124864 0.121326970407774
"immo" 0.109212035166275 0.0554907373153866 0.125842696629213 0.0376573370614097 0.122007657032269 0.146952699599816 0.0590122819311769 0.133325604312793 0.0951707635414401 0.116704990582716
"actio" 0.425926937148474 0.0483765402236704 0.0898876404494382 0.119562045169976 0.0420716058731962 0.0406744079249492 0.125401099103751 0.0289838270245203 0.0679791168153143 0.0797291519822516
"habuit" 0.0436848140665101 0.0569135767337298 0.0539325842696629 0.129917812861863 0.0210358029365981 0.0813488158498983 0.210231254379818 0.0695611848588488 0.0842941048509898 0.0543082629444323
"post" 0.0819090263747065 0.0739876497538488 0.00898876404494382 0.117679178316905 0.0631074088097943 0.106278291674867 0.0627005495518755 0.0521708886441366 0.0706982814879269 0.0716406872884
"bene" 0.0436848140665101 0.1052901169574 0.269662921348315 0.0517788384594383 0.0589002482224747 0.0813488158498983 0.0922066905174639 0.0463741232392325 0.0978899282140526 0.101683556151277
"sequitur" 0.114672636924589 0.0910617227739677 0.125842696629213 0.0903776089473833 0.0631074088097943 0.0970937479498786 0.0811418876553683 0.0289838270245203 0.057102458124864 0.0774181620697226
"illum" 0.103751433407962 0.0910617227739677 0.0898876404494382 0.0837875749616366 0.0504859270478354 0.0616676507249229 0.0958949581381625 0.0985450118833691 0.0924515988688275 0.0924395965011613
"malus" 0.13105444219953 0.098175919865684 0.197752808988764 0.13462497999454 0.0252429635239177 0.0288657088499639 0.0221296057241913 0.0463741232392325 0.00543832934522515 0.100528061195013
"uoluntas" 0.0327636105498826 0.132324065905922 0.143820224719101 0.093201909226989 0.0504859270478354 0.032801941874959 0.066388817172574 0.0347805924294244 0.0652599521427018 0.103994546063806
"spiritus" 0.0218424070332551 0.102444438120714 0.278651685393258 0.0385987704879449 0.10938617527031 0.156137243324805 0.0885184228967654 0.0347805924294244 0.0815749401783772 0.0392868285129935
"possit" 0.0436848140665101 0.069719131498819 0.0898876404494382 0.0536617053125088 0.0631074088097943 0.0800367381749 0.125401099103751 0.127528838907889 0.152273221666304 0.0774181620697226
"simile" 0.0546060175831377 0.112404314049116 0.0719101123595506 0.0706075069901432 0.0631074088097943 0.0498589516499377 0.0922066905174639 0.0463741232392325 0.0842941048509898 0.102839051107542
"peccare" 0.0436848140665101 0.0469537008053271 0.161797752808989 0.141215013980286 0.0126214817619589 0.0432985632749459 0.0479474790690813 0.110138542693177 0.138677398303241 0.0485307881631097
"genere" 0.0491454158248239 0.0313024672035514 0.0539325842696629 0.138390713700681 0.0210358029365981 0.0367381748999541 0.0221296057241913 0.0463741232392325 0.135958233630629 0.0993725662387484
"sub" 0.125593840441217 0.0839475256822515 0.134831460674157 0.0536617053125088 0.0589002482224747 0.111526602374861 0.0479474790690813 0.104341777288273 0.0734174461605395 0.0623967276382839
"ipsum" 0.0600666193414514 0.0455308613869839 0.0449438202247191 0.140273580553751 0.117800496444949 0.0393623302499508 0.106959761000258 0.0579676540490406 0.0326299760713509 0.0670187074633419
"primo" 0.147436247474472 0.0654506132437893 0.0539325842696629 0.0715489404166784 0.0631074088097943 0.0446106409499442 0.0848301552760668 0.0405773578343284 0.116924080922341 0.0993725662387484
"illo" 0.0873696281330203 0.115249992885803 0.107865168539326 0.0564860055921146 0.0673145693971139 0.065603883749918 0.0700770847932726 0.0347805924294244 0.0978899282140526 0.0727961822446645
"dicatur" 0.0873696281330203 0.0882160439372812 0.0719101123595506 0.0357744702083392 0.00420716058731962 0.0774125828249032 0.0774536200346697 0.0579676540490406 0.119643245594953 0.112083010757658
"preceptum" 0.00546060175831377 0.0839475256822515 0 0.0480131047532974 0.0168286423492785 0.158761398674802 0.0147530704827942 0.139122369717698 0.0543832934522515 0.0820401418947806
"impossibile" 0.0327636105498826 0.0654506132437893 0.0179775280898876 0.0790804078289604 0.00841432117463924 0.140392311224825 0.114336296241655 0.0289838270245203 0.0353491407439635 0.0670187074633419
"dictum" 0.0163818052749413 0.0768333285905353 0.134831460674157 0.0555445721655793 0.0841432117463924 0.098405825624877 0.118024563862354 0.0753579502637528 0.0598216227974766 0.069329697375871
"motu" 0.0600666193414514 0.0853703651005947 0.0359550561797753 0.0819047081085661 0.00841432117463924 0.0747884274749065 0.0405709438276841 0.00579676540490406 0.152273221666304 0.0704851923321355
"iustitia" 0.136515043957844 0.0839475256822515 0.0269662921348315 0.0734318072697489 0.10517901468299 0.0918454372498852 0.118024563862354 0.0173902962147122 0.0326299760713509 0.0473752932068452
"hanc" 0.120133238682903 0.0739876497538488 0.0179775280898876 0.0724903738432137 0.0925575329210316 0.0446106409499442 0.121712831483052 0.0811547156686569 0.057102458124864 0.0808846469385161
"quid" 0.0327636105498826 0.0796790074272218 0.0449438202247191 0.058368872445185 0.100971854095671 0.0970937479498786 0.0405709438276841 0.121732073502985 0.0652599521427018 0.0727961822446645
"sint" 0.0655272210997652 0.0939074016106542 0 0.058368872445185 0.0631074088097943 0.065603883749918 0.033194408586287 0.110138542693177 0.111485751577116 0.0820401418947806
"dixit" 0.0109212035166275 0.0896388833556245 0.0269662921348315 0.0640174730043965 0.0799360511590727 0.0721642721249098 0.0737653524139712 0.0347805924294244 0.0652599521427018 0.0924395965011613
"alio" 0.0327636105498826 0.112404314049116 0.0808988764044944 0.0489545381798326 0.0294501241112373 0.0734763497999081 0.0737653524139712 0.0637644194539447 0.0734174461605395 0.0831956368510451
"dici" 0.0819090263747065 0.0554907373153866 0.107865168539326 0.0376573370614097 0.0378644452858766 0.106278291674867 0.0811418876553683 0.0637644194539447 0.0951707635414401 0.0866621217198387
"habeat" 0.152896849232785 0.0768333285905353 0.0629213483146067 0.0404816373410154 0.0589002482224747 0.0406744079249492 0.121712831483052 0.127528838907889 0.0598216227974766 0.0970615763262193
"mortaliter" 0.0327636105498826 0.0782561680088785 0.0629213483146067 0.128034946008793 0.0168286423492785 0.0301777865249623 0.0553240143104784 0.168106196742218 0.0978899282140526 0.0311983638191419
"posset" 0.0491454158248239 0.0768333285905353 0.0629213483146067 0.0451888044736916 0.0757288905717531 0.0537951846749328 0.118024563862354 0.0753579502637528 0.0870132695236023 0.0970615763262193
"omnes" 0.0382242123081964 0.0782561680088785 0.0179775280898876 0.0706075069901432 0.0673145693971139 0.0734763497999081 0.033194408586287 0.144919135122602 0.0978899282140526 0.0647077175508129
"meruit" 0.0163818052749413 0.0995987592840272 0 0.112972011184229 0.0673145693971139 0.0341140195499574 0.0516357466897798 0.0231870616196163 0.125081574940178 0.0427533133817871
"huius" 0.103751433407962 0.0512222190603569 0.0449438202247191 0.0847290083881718 0.0757288905717531 0.0761005051499049 0.0737653524139712 0.0521708886441366 0.0462257994344137 0.0716406872884
"corpus" 0.0109212035166275 0.0597592555704163 0.0179775280898876 0.101674810065806 0.100971854095671 0.0826608935248967 0.0258178733448899 0.0231870616196163 0.0407874700891886 0.0762626671134581
"maior" 0.103751433407962 0.0398395037136109 0.0449438202247191 0.0884947420943128 0.0757288905717531 0.0879092042248901 0.0922066905174639 0.0405773578343284 0.0625407874700892 0.0496862831193742
"semper" 0.0382242123081964 0.0682962920804758 0.11685393258427 0.0809632746820309 0.054693087635155 0.065603883749918 0.0553240143104784 0.092748246478465 0.0706982814879269 0.0635522225945484
"unum" 0.0600666193414514 0.11382715346746 0.0629213483146067 0.0593103058717203 0.0504859270478354 0.0708521944499114 0.0479474790690813 0.104341777288273 0.0625407874700892 0.0554637579006968
"credere" 0 0.0355709854585811 0.0629213483146067 0.0649589064309317 0.0168286423492785 0.135144000524831 0.0811418876553683 0.0173902962147122 0.122362410267566 0.0577747478132258
"augustinus" 0.0546060175831377 0.0583364161520731 0.107865168539326 0.0602517392982555 0.0589002482224747 0.0931575149248836 0.0627005495518755 0.0579676540490406 0.0842941048509898 0.0658632125070774
"gratie" 0.256648282640747 0.0441080219686406 0.0359550561797753 0.0715489404166784 0.088350372333712 0.0551072623499311 0.0922066905174639 0.0579676540490406 0.0489449641070263 0.0612412326820193
"premium" 0.0109212035166275 0.0995987592840272 0.18876404494382 0.0800218412554956 0.117800496444949 0.0524831069999344 0.0627005495518755 0.00579676540490406 0.0407874700891886 0.0543082629444323
"an" 0.0218424070332551 0.0355709854585811 0 0.128976379435328 0.0631074088097943 0.0367381748999541 0.136465901965847 0.0521708886441366 0.0951707635414401 0.0404423234692581
"bona" 0.0873696281330203 0.0668734526621326 0.0269662921348315 0.0564860055921146 0.0504859270478354 0.0826608935248967 0.0553240143104784 0.0869514810735609 0.0815749401783772 0.0727961822446645
"christi" 0.0109212035166275 0.0597592555704163 0.0359550561797753 0.0734318072697489 0.126214817619589 0.0800367381749 0.0368826762069856 0.0463741232392325 0.0734174461605395 0.0704851923321355
"maius" 0.0436848140665101 0.0626049344071028 0.0179775280898876 0.101674810065806 0.054693087635155 0.0642918060749196 0.0405709438276841 0.0231870616196163 0.0489449641070263 0.0762626671134581
"patrem" 0.0546060175831377 0.0469537008053271 0.0539325842696629 0.034833036781804 0.32815852581093 0.0249294758249688 0.302437944897282 0.0173902962147122 0.0543832934522515 0.038131333556729
